0.000 1.0000
3.756 0.9640
7.517 0.8624
11.289 0.7116
15.079 0.5319
18.890 0.3424
22.730 0.1570
26.603 -0.0156
30.517 -0.1712
34.477 -0.3083
38.488 -0.4274
42.559 -0.5296
46.694 -0.6165
50.901 -0.6896
55.186 -0.7500
59.556 -0.7988
64.020 -0.8366
68.582 -0.8638
73.252 -0.8803
78.036 -0.8859
82.941 -0.8798
87.975 -0.8612
93.143 -0.8288
98.452 -0.7811
103.907 -0.7163
109.511 -0.6325
115.269 -0.5280
121.179 -0.4012
127.242 -0.2514
133.451 -0.0796
139.801 0.1111
146.280 0.3138
152.874 0.5174
159.565 0.7062
166.333 0.8613
173.153 0.9640
180.000 1.000
