0.000  1.0000
3.756  0.9641
7.517  0.8629
11.289  0.7127
15.079  0.5341
18.890  0.3460
22.730  0.1624
26.603 -0.0082
30.517 -0.1616
34.477 -0.2964
38.488 -0.4131
42.559 -0.5130
46.694 -0.5977
50.901 -0.6688
55.186 -0.7276
59.556 -0.7752
64.020 -0.8124
68.582 -0.8396
73.252 -0.8570
78.036 -0.8645
82.941 -0.8615
87.975 -0.8473
93.143 -0.8208
98.452 -0.7804
103.907 -0.7245
109.511 -0.6508
115.269 -0.5571
121.179 -0.4412
127.242 -0.3013
133.451 -0.1368
139.801  0.0508
146.280  0.2562
152.874  0.4689
159.565  0.6720
166.333  0.8433
173.153  0.9590
180.000  1.0000
